0000000000000000000000000000000000000011
0000000000000000000000000000000000000011
0000000000000000000001000000000000000000
0000000000000000000010100000000000000011
0000000000000000000001000000000000000011
0000000000000000000001000000000000000000
0000000000000110111001000000000000000011
0000000000000111111001000000000000000011
0000000000000110111001000000000000000000
0000000000000110111010100000000000000011
0000000000000110011001000000000000000011
0000000000000111111010000000000000000000
0000000000000100000010000000000000000011
0000000000000010000100000000000000000011
0000000000000001111000000000000000000000
0000000000000000000000000000000000000011
0000000000000000000000000000000000000011
0000000000000000000000000000000000000000
0000000000000000000000000000000000000011
0000000000000000000000000000000000000011